40
2 1
3 1
3 2
4 1
4 2
4 3
5 1
5 2
5 3
5 4
6 1
6 2
6 3
6 4
6 5
7 1
7 2
7 3
7 4
7 5
7 6
8 1
8 2
8 3
8 4
8 5
8 6
8 7
9 1
9 2
9 3
9 4
9 5
9 6
9 7
9 8
10 1
10 2
10 3
10 4
10 5
10 6
10 7
10 8
10 9
11 2
11 3
11 4
11 5
11 6
11 7
11 8
11 9
11 10
12 3
12 6
12 7
12 8
12 9
12 10
12 11
13 3
13 6
13 7
13 8
13 9
13 10
13 11
13 12
14 2
14 3
14 5
14 6
14 7
14 8
14 9
14 10
14 11
14 12
14 13
15 6
15 7
15 8
15 9
15 10
15 11
15 12
15 13
15 14
16 7
16 9
16 11
16 12
16 13
16 14
16 15
17 7
17 9
17 10
17 11
17 12
17 13
17 14
17 15
17 16
18 7
18 10
18 11
18 12
18 13
18 14
18 15
18 16
18 17
19 7
19 9
19 10
19 11
19 12
19 13
19 14
19 15
19 16
19 17
19 18
20 7
20 9
20 10
20 11
20 12
20 13
20 14
20 15
20 16
20 17
20 18
20 19
22 4
22 21
23 1
23 2
23 3
23 4
23 5
23 6
23 7
23 8
23 10
23 11
23 12
23 21
23 22
24 1
24 3
24 4
24 5
24 6
24 7
24 8
24 10
24 11
24 12
24 21
24 22
24 23
25 1
25 4
25 7
25 12
25 21
25 22
25 23
25 24
26 7
26 12
26 17
26 21
26 22
26 23
26 24
26 25
27 4
27 7
27 11
27 12
27 17
27 21
27 22
27 23
27 24
27 25
27 26
28 7
28 21
28 22
28 23
28 24
28 25
28 26
28 27
29 7
29 12
29 17
29 21
29 22
29 23
29 24
29 25
29 26
29 27
29 28
30 7
30 21
30 22
30 23
30 24
30 25
30 26
30 27
30 28
30 29
31 4
31 7
31 9
31 10
31 11
31 12
31 13
31 14
31 15
31 17
31 18
31 22
31 23
31 24
31 25
31 26
31 27
31 28
31 29
31 30
32 4
32 6
32 7
32 9
32 10
32 11
32 12
32 13
32 14
32 15
32 17
32 18
32 19
32 22
32 23
32 24
32 25
32 26
32 27
32 28
32 29
32 30
32 31
33 7
33 9
33 10
33 11
33 12
33 13
33 14
33 15
33 16
33 17
33 18
33 19
33 20
33 26
33 27
33 28
33 29
33 31
33 32
34 7
34 12
34 17
34 18
34 21
34 24
34 25
34 26
34 27
34 28
34 29
34 30
34 31
34 32
34 33
35 7
35 10
35 11
35 12
35 13
35 14
35 17
35 18
35 22
35 23
35 24
35 25
35 26
35 27
35 28
35 29
35 30
35 31
35 32
35 33
35 34
36 17
36 18
36 26
36 27
36 29
36 31
36 32
36 33
36 34
36 35
37 7
37 11
37 12
37 13
37 15
37 16
37 17
37 18
37 19
37 26
37 27
37 31
37 32
37 33
37 34
37 35
37 36
38 7
38 11
38 12
38 13
38 16
38 17
38 18
38 19
38 26
38 27
38 29
38 31
38 32
38 33
38 34
38 35
38 36
38 37
39 7
39 11
39 12
39 13
39 14
39 15
39 16
39 17
39 18
39 19
39 20
39 31
39 32
39 33
39 34
39 35
39 36
39 37
39 38
40 7
40 12
40 17
40 18
40 26
40 27
40 28
40 29
40 30
40 31
40 32
40 33
40 34
40 35
40 36
40 37
40 38
40 39
