40
2 1
3 1
3 2
4 1
4 2
4 3
5 1
5 2
5 3
5 4
6 1
6 2
6 3
6 4
6 5
7 1
7 2
7 3
7 4
7 6
8 1
8 2
8 3
8 4
8 6
8 7
9 1
9 2
9 4
9 5
9 6
9 7
9 8
10 1
10 2
10 3
10 4
10 5
10 6
10 7
10 8
10 9
11 1
11 2
11 6
11 7
11 8
11 9
11 10
12 2
12 6
12 7
12 8
12 9
12 11
13 1
13 2
13 3
13 4
13 6
13 7
13 8
13 9
13 10
13 11
13 12
14 1
14 2
14 6
14 7
14 8
14 9
14 10
14 11
14 12
14 13
15 1
15 2
15 4
15 6
15 7
15 8
15 9
15 10
15 11
15 12
15 13
15 14
16 9
16 11
16 12
16 14
17 7
17 11
17 12
17 13
17 14
17 15
17 16
18 11
18 12
18 13
18 14
18 15
18 16
18 17
19 7
19 8
19 9
19 11
19 12
19 13
19 14
19 15
19 16
19 17
19 18
20 9
20 11
20 12
20 14
20 16
20 17
20 18
20 19
22 2
22 3
22 4
22 6
22 7
22 8
22 13
22 15
22 21
23 1
23 2
23 3
23 4
23 6
23 7
23 8
23 13
23 15
23 21
23 22
24 1
24 2
24 3
24 4
24 6
24 7
24 8
24 11
24 13
24 14
24 15
24 21
24 22
24 23
25 1
25 2
25 3
25 4
25 5
25 6
25 7
25 8
25 13
25 15
25 21
25 22
25 23
25 24
26 2
26 3
26 4
26 6
26 7
26 8
26 11
26 12
26 13
26 14
26 15
26 21
26 22
26 23
26 24
26 25
27 2
27 3
27 4
27 6
27 7
27 8
27 12
27 13
27 15
27 21
27 22
27 23
27 24
27 25
27 26
28 2
28 3
28 4
28 6
28 7
28 8
28 13
28 15
28 21
28 22
28 23
28 24
28 25
28 26
28 27
29 2
29 3
29 4
29 6
29 7
29 8
29 11
29 12
29 13
29 14
29 15
29 21
29 22
29 23
29 24
29 25
29 26
29 27
29 28
30 2
30 3
30 4
30 6
30 7
30 8
30 12
30 13
30 14
30 15
30 21
30 22
30 23
30 24
30 25
30 26
30 27
30 28
30 29
31 6
31 7
31 8
31 12
31 13
31 14
31 15
31 19
31 21
31 22
31 23
31 24
31 26
31 27
31 28
31 29
31 30
32 2
32 6
32 7
32 8
32 9
32 11
32 12
32 13
32 14
32 15
32 17
32 18
32 19
32 22
32 23
32 24
32 26
32 27
32 28
32 29
32 30
32 31
33 6
33 7
33 8
33 9
33 11
33 12
33 13
33 14
33 15
33 16
33 17
33 18
33 19
33 20
33 26
33 27
33 29
33 30
33 31
33 32
34 6
34 7
34 8
34 11
34 12
34 13
34 14
34 15
34 17
34 18
34 19
34 22
34 26
34 27
34 28
34 29
34 30
34 31
34 32
34 33
35 7
35 21
35 22
35 23
35 26
35 27
35 28
35 29
35 30
35 31
35 32
35 33
35 34
36 27
36 31
36 32
36 33
36 34
36 35
37 31
37 32
37 33
37 34
37 35
37 36
38 7
38 8
38 11
38 12
38 13
38 14
38 15
38 16
38 17
38 18
38 19
38 20
38 31
38 32
38 33
38 34
38 36
38 37
39 31
39 32
39 33
39 34
39 35
39 36
39 37
39 38
40 7
40 11
40 12
40 13
40 14
40 15
40 16
40 17
40 18
40 19
40 20
40 31
40 32
40 33
40 34
40 36
40 37
40 38
40 39
