40
2 1
3 1
3 2
4 1
4 2
4 3
5 1
5 2
5 3
5 4
6 1
6 2
6 3
6 4
6 5
7 2
7 3
7 4
7 5
7 6
8 1
8 2
8 3
8 4
8 5
8 6
8 7
9 1
9 2
9 3
9 4
9 5
9 6
9 7
9 8
10 1
10 2
10 3
10 4
10 5
10 6
10 7
10 8
10 9
11 4
11 6
11 7
11 8
11 9
11 10
12 1
12 2
12 4
12 5
12 6
12 7
12 8
12 9
12 10
12 11
13 4
13 6
13 7
13 8
13 9
13 10
13 11
13 12
14 4
14 6
14 7
14 8
14 9
14 10
14 11
14 12
14 13
15 1
15 2
15 3
15 4
15 5
15 6
15 7
15 8
15 9
15 10
15 11
15 12
15 13
15 14
16 11
16 12
16 13
16 14
17 6
17 9
17 11
17 12
17 13
17 14
17 15
17 16
18 11
18 12
18 13
18 14
18 15
18 16
18 17
19 6
19 11
19 12
19 13
19 14
19 15
19 16
19 17
19 18
20 11
20 13
20 14
20 16
20 17
20 18
20 19
21 1
21 4
21 5
21 6
21 8
21 9
21 10
22 1
22 4
22 5
22 6
22 8
22 9
22 10
22 12
22 14
22 15
22 21
23 1
23 4
23 5
23 9
23 21
23 22
24 1
24 4
24 5
24 6
24 8
24 9
24 10
24 12
24 15
24 21
24 22
24 23
25 1
25 4
25 5
25 6
25 8
25 9
25 10
25 21
25 22
25 23
25 24
26 9
26 21
26 22
26 23
26 24
26 25
27 1
27 4
27 5
27 6
27 8
27 9
27 10
27 12
27 13
27 14
27 15
27 21
27 22
27 23
27 24
27 25
27 26
28 1
28 4
28 5
28 6
28 8
28 9
28 10
28 12
28 14
28 15
28 21
28 22
28 23
28 24
28 25
28 26
28 27
29 1
29 4
29 5
29 6
29 8
29 9
29 10
29 12
29 14
29 15
29 21
29 22
29 23
29 24
29 25
29 26
29 27
29 28
30 1
30 4
30 6
30 8
30 9
30 10
30 12
30 13
30 14
30 15
30 21
30 22
30 23
30 24
30 25
30 26
30 27
30 28
30 29
31 26
31 27
31 28
31 30
32 6
32 8
32 9
32 10
32 11
32 12
32 13
32 14
32 15
32 16
32 17
32 18
32 19
32 27
32 28
32 29
32 30
32 31
33 6
33 8
33 9
33 10
33 11
33 12
33 13
33 14
33 15
33 17
33 18
33 19
33 22
33 26
33 27
33 28
33 29
33 30
33 31
33 32
34 6
34 8
34 9
34 10
34 12
34 13
34 14
34 15
34 17
34 22
34 24
34 26
34 27
34 28
34 29
34 30
34 31
34 32
34 33
35 6
35 8
35 9
35 10
35 11
35 12
35 13
35 14
35 15
35 16
35 17
35 18
35 19
35 22
35 27
35 28
35 29
35 30
35 31
35 32
35 33
35 34
36 17
36 30
36 31
36 32
36 33
36 34
36 35
37 6
37 8
37 9
37 10
37 11
37 12
37 13
37 14
37 15
37 16
37 17
37 18
37 19
37 27
37 28
37 30
37 31
37 32
37 33
37 34
37 35
37 36
38 6
38 9
38 11
38 12
38 13
38 14
38 15
38 16
38 17
38 18
38 19
38 20
38 32
38 33
38 34
38 35
38 36
38 37
39 17
39 31
39 32
39 33
39 34
39 35
39 36
39 37
39 38
40 12
40 13
40 14
40 16
40 17
40 18
40 19
40 30
40 31
40 32
40 33
40 34
40 35
40 36
40 37
40 38
40 39
