40
2 1
3 1
3 2
4 1
4 2
4 3
5 1
5 2
5 3
5 4
6 1
6 2
6 3
6 4
6 5
7 1
7 2
7 3
7 4
7 5
7 6
8 1
8 2
8 3
8 4
8 5
8 6
8 7
9 1
9 2
9 3
9 4
9 5
9 6
9 7
9 8
10 1
10 2
10 3
10 4
10 5
10 6
10 7
10 8
10 9
11 3
11 6
11 7
11 8
11 9
11 10
12 2
12 3
12 6
12 7
12 8
12 9
12 10
12 11
13 2
13 3
13 6
13 7
13 8
13 9
13 10
13 11
13 12
14 2
14 3
14 4
14 5
14 6
14 7
14 8
14 9
14 10
14 11
14 12
14 13
15 3
15 6
15 7
15 8
15 9
15 10
15 11
15 12
15 13
15 14
16 6
16 9
16 11
16 12
16 13
16 14
16 15
17 6
17 11
17 12
17 13
17 14
17 15
17 16
18 6
18 9
18 11
18 12
18 13
18 14
18 15
18 16
18 17
19 6
19 7
19 9
19 10
19 11
19 12
19 13
19 14
19 15
19 16
19 17
19 18
20 6
20 8
20 9
20 11
20 12
20 13
20 14
20 15
20 16
20 17
20 18
20 19
21 1
21 2
21 3
21 4
21 5
21 6
21 7
21 9
21 10
22 21
23 1
23 7
23 10
23 21
23 22
24 21
24 22
24 23
25 1
25 7
25 9
25 10
25 21
25 22
25 23
25 24
26 21
26 22
26 23
26 24
26 25
27 1
27 3
27 6
27 7
27 9
27 10
27 11
27 13
27 15
27 18
27 19
27 21
27 22
27 23
27 24
27 25
27 26
28 7
28 9
28 10
28 21
28 22
28 23
28 24
28 25
28 26
28 27
29 1
29 2
29 3
29 4
29 6
29 7
29 9
29 10
29 11
29 13
29 15
29 18
29 19
29 21
29 22
29 23
29 24
29 25
29 26
29 27
29 28
30 6
30 7
30 9
30 10
30 11
30 13
30 19
30 21
30 22
30 23
30 24
30 25
30 26
30 27
30 28
30 29
31 6
31 7
31 9
31 11
31 13
31 15
31 18
31 19
31 22
31 26
31 27
31 28
31 29
31 30
32 7
32 9
32 10
32 11
32 13
32 15
32 18
32 19
32 21
32 22
32 23
32 24
32 25
32 26
32 27
32 28
32 29
32 30
32 31
33 19
33 22
33 24
33 26
33 27
33 28
33 29
33 30
33 31
33 32
34 3
34 6
34 7
34 9
34 10
34 11
34 13
34 15
34 18
34 19
34 21
34 22
34 23
34 24
34 25
34 26
34 27
34 28
34 29
34 30
34 31
34 32
34 33
35 6
35 7
35 9
35 10
35 11
35 12
35 13
35 15
35 16
35 18
35 19
35 20
35 26
35 27
35 28
35 29
35 30
35 31
35 32
35 33
35 34
36 11
36 13
36 15
36 16
36 17
36 18
36 19
36 20
36 31
36 34
36 35
37 11
37 13
37 15
37 16
37 17
37 18
37 19
37 20
37 27
37 29
37 30
37 31
37 32
37 33
37 34
37 35
37 36
38 11
38 15
38 16
38 18
38 19
38 30
38 31
38 32
38 33
38 34
38 35
38 36
38 37
39 6
39 9
39 11
39 12
39 13
39 15
39 16
39 17
39 18
39 19
39 20
39 27
39 29
39 30
39 31
39 32
39 33
39 34
39 35
39 36
39 37
39 38
40 11
40 13
40 15
40 16
40 18
40 19
40 20
40 27
40 30
40 31
40 32
40 33
40 34
40 35
40 36
40 37
40 38
40 39
