0.77 0.54 0.31 0.09  0  0  0  0  0  0  0  0  0
0.77  1  0.77 0.54 0.31 0.09  0  0  0  0  0  0  0  0
0.54 0.77  1  0.77 0.54 0.31 0.09  0  0  0  0  0  0  0
0.31 0.54 0.77  1  0.77 0.54 0.31 0.09  0  0  0  0  0  0
0.09 0.31 0.54 0.77  1  0.77 0.54 0.31 0.09  0  0  0  0  0
0  0.09 0.31 0.54 0.77  1  0.77 0.54 0.31 0.09  0  0  0  0
0  0  0.09 0.31 0.54 0.77  1  0.77 0.54 0.31 0.09  0  0  0
0  0  0  0.09 0.31 0.54 0.77  1  0.77 0.54 0.31 0.09  0  0
0  0  0  0  0.09 0.31 0.54 0.77  1  0.77 0.54 0.31 0.09  0
0  0  0  0  0  0.09 0.31 0.54 0.77  1  0.75  0.5  0.31  0
0  0  0  0  0  0  0.09 0.31 0.54 0.77  1  0.75 0.54  0
0  0  0  0  0  0  0  0.09 0.31 0.54 0.77  1  0.77 0.22
0  0  0  0  0  0  0  0  0.09 0.31 0.54 0.77  1  0.45
0  0  0  0  0  0  0  0  0  0  0  0.22 0.45  1